1 0.00 0.00
2 0.02 0.00
3 0.04 0.00
4 0.06 0.00
5 0.08 0.00
6 0.10 0.00
7 0.00 0.02
8 0.02 0.02
9 0.04 0.02
10 0.06 0.02
11 0.08 0.02
12 0.10 0.02
13 0.00 0.04
14 0.02 0.04
15 0.04 0.04
16 0.06 0.04
17 0.08 0.04
18 0.10 0.04
19 0.00 0.06
20 0.02 0.06
21 0.04 0.06
22 0.06 0.06
23 0.08 0.06
24 0.10 0.06
25 0.00 0.08
26 0.02 0.08
27 0.04 0.08
28 0.06 0.08
29 0.08 0.08
30 0.10 0.08
31 0.00 0.10
32 0.02 0.10
33 0.04 0.10
34 0.06 0.10

1 7 2 0
2 8 7 0
2 8 3 0
3 9 8 0
3 9 4 0
4 10 9 0
4 10 5 0
5 11 10 0
5 11 6 0
6 12 11 0
7 13 8 0
8 14 13 0
8 14 9 0
9 15 14 0
9 15 10 0
10 16 15 0
10 16 11 0
11 17 16 0
11 17 12 0
12 18 17 0
13 19 14 0
14 20 19 0
14 20 15 0
15 21 20 0
15 21 16 0
16 22 21 0
16 22 17 0
17 23 22 0
17 23 18 0
18 24 23 0
19 25 20 0
20 26 25 0
20 26 21 0
21 27 26 0
21 27 22 0
22 28 27 0
22 28 23 0
23 29 28 0
23 29 24 0
24 30 29 0
25 31 26 0
26 32 31 0
26 32 27 0
27 33 32 0
27 33 28 0
28 34 33 0

1 0.00
2 0.00
3 0.00
4 0.00
5 0.00
6 0.00
7 0.00
13 0.00
19 0.00
25 0.00
28 110.00
29 110.00
30 110.00
31 0.00
34 110.00
